index
2766
527
448
148
2355
2436
224
2769
443
1922
1987
643
791
6
198
498
1201
1468
1438
2287
1952
2343
1821
373
2033
1426
1282
2587
105
349
1873
88
176
271
686
519
1595
1850
2263
43
1458
1526
2828
1015
1480
1775
106
1413
2708
1425
2017
2652
2476
1402
2601
947
2684
2112
359
2104
81
2123
1936
2238
2109
1702
2253
330
1547
1243
2829
1521
1538
46
1398
1090
548
1102
430
2590
802
1092
983
2184
2077
193
217
2527
932
2359
1673
2420
1520
1076
2517
2382
1675
1169
1923
1600
2430
2232
2194
2625
2636
220
729
1332
1161
954
326
733
2309
2327
1163
1231
1491
680
602
727
2300
1729
1684
2537
1114
1151
1493
1347
1838
1112
153
1129
1431
1246
2293
2165
545
1577
1104
2186
2130
1414
1613
1579
1722
1154
965
1829
2785
1649
1597
2459
1122
935
1400
1900
41
1672
720
1947
1584
938
269
501
2246
2416
652
11
1206
1269
2416
1064
1606
547
1235
2288
1288
1392
2113
932
1950
204
839
1730
2219
1849
1887
509
1405
1716
377
1638
1091
1992
2339
124
1340
173
2361
429
1254
2552
307
2808
442
1238
2288
189
1325
733
2408
1885
1673
591
2250
1316
2072
1616
1266
1438
820
2496
2109
331
1096
582
600
1600
2081
497
1205
2353
1999
1950
858
1480
621
2265
1208
891
267
1754
730
1752
598
721
946
1952
2404
693
981
2046
17
884
706
1214
1411
1500
1972
1036
2677
2342
2318
150
2200
1264
1656
1105
1140
1757
1116
2731
2509
777
223
653
1618
731
2258
1148
1739
2540
1718
1935
1524
1827
899
562
2403
1700
1961
1032
2345
2357
1714
1473
1930
2465
1442
28
651
1519
2005
887
952
707
2137
708
2171
1638
449
551
490
320
355
2668
616
2282
1418
389
2521
1694
2099
951
144
2149
434
1403
500
625
900
531
874
895
1019
201
1856
200
674
1204
844
1427
787
2317
1236
905
2729
1697
1383
2373
2475
2319
387
1478
1726
358
1155
2156
770
2126
2049
1472
1866
2290
1229
206
76
2468
2048
1073
1464
782
1088
1322
927
717
676
2820
225
2404
2422
2750
137
477
2831
2289
958
2646
1671
1191
595
261
243
487
393
1955
1553
1435
1957
1000
254
1302
1987
1379
1761
256
2287
1226
2106
1363
2395
1857
206
705
1298
301
904
1690
303
2401
1368
1757
351
342
824
1701
1633
2503
183
1205
2209
1111
2118
1351
340
2501
103
732
13
1007
2439
933
2213
2394
467
2044
1562
1044
493
2382
1866
96
336
1030
729
490
2318
582
1829
284
1366
2336
582
446
1006
2843
749
2217
2672
1787
1944
514
1934
1762
1248
2531
140
2455
2836
2024
368
1751
2043
2581
2691
862
558
876
1724
1776
2570
2400
1836
744
1416
245
1372
9
2192
916
626
1490
152
1392
2132
1991
1351
126
1109
1105
1053
1011
898
2692
63
1356
2482
1247
1406
1858
754
1835
79
21
2062
1054
2269
857
1421
124
557
1319
858
1082
1434
1286
1530
650
2825
2108
2305
1703
1902
1494
381
2307
1975
961
353
20
986
2298
1256
2487
670
542
1177
502
2771
2451
2506
1074
975
1083
2453
685
664
1803
2054
100
653
440
677
2255
1527
1925
1596
872
1753
1617
1973
2438
1387
5
2400
1529
1455
1749
673
827
1581
675
2252
451
2463
705
2022
1444
2430
2354
2301
456
1706
2068
2270
241
2441
0
1433
1505
505
2121
1575
721
1306
1439
361
165
1779
773
1554
1524
352
417
2001
2406
951
151
576
253
2308
225
229
2195
1392
62
1843
682
1786
1306
1020
2253
921
1854
1995
1022
1633
2137
1250
597
981
2222
556
47
1786
1637
1309
1050
2142
1498
1526
755
1992
2205
402
1352
2177
2385
2047
1625
2182
1936
207
1005
2325
793
1256
851
845
2484
1679
137
480
1054
1417
1297
598
1668
101
991
9
2345
718
2327
1639
934
1492
2173
718
509
1819
1001
2350
673
174
426
428
424
1668
763
2475
220
833
218
331
503
1529
143
1952
1190
2393
2489
81
1072
1127
2123
800
275
1571
229
1147
2362
189
1276
2472
1814
1294
1570
537
1764
2604
1938
1965
2399
1942
1064
889
13
379
458
2447
1695
1809
1939
1842
681
331
2382
2154
298
2280
2116
844
1367
1792
1100
689
583
203
1920
2116
833
644
777
588
2243
200
857
1782
165
1273
846
2106
442
912
1218
505
1581
508
555
1527
406
1639
1914
1389
288
1563
1665
493
422
1651
2119
1289
427
1808
1504
2016
377
94
465
16
1347
1756
2296
1293
872
1972
1637
1483
1929
1290
2003
1946
2102
1367
1235
2082
1177
90
1324
719
1455
347
304
2352
1482
1450
621
497
2266
376
1331
341
1042
964
815
386
1956
637
1332
2452
1966
811
897
611
824
1813
1447
1101
1996
1977
1785
1376
733
266
2024
1061
1859
2418
328
565
1895
2408
1550
526
1874
1283
1808
2303
573
2440
2361
1425
156
1281
553
102
2154
1387
1577
1736
750
712
649
151
75
1627
2357
690
2451
392
2233
1528
52
1690
2471
749
1850
1197
935
1914
2169
1601
1211
2057
1858
1172
658
1799
993
1934
1063
1716
1621
1324
868
398
1686
2202
1918
2847
128
1141
226
1307
2330
1488
2100
2776
1048
539
333
2093
402
1546
250
973
864
400
1269
520
1740
2667
296
1596
396
2751
755
164
997
2841
279
2640
1765
2788
1130
1532
2251
2758
1241
2543
798
2402
269
823
12
800
535
1467
1001
2478
466
37
2480
2819
2189
877
2163
1634
1503
2752
313
712
2564
2621
575
1518
2815
888
2450
1086
2451
939
2419
15
2296
512
957
1974
1967
693
1863
673
848
570
1919
2025
1346
2198
179
836
2490
1251
2023
790
1734
893
1643
2119
2489
2233
418
1901
991
2214
1542
94
2736
1312
2720
2354
1514
1334
1359
462
1239
938
1551
1436
436
348
792
2101
1487
385
1035
386
2800
1977
203
1162
74
1844
1862
84
1594
240
155
996
1848
237
24
163
2696
1419
1717
1099
294
1407
2773
2649
2303
1475
1575
1954
2284
1587
1846
489
291
1993
1144
737
2157
1313
1118
427
698
969
963
2502
2724
2659
912
1851
2035
533
1903
1134
615
144
793
1582
1920
2481
868
2213
994
1374
488
1774
1638
106
1789
1502
2004
1930
395
929
2687
2154
975
1950
1176
336
641
2389
750
1703
1149
1122
50
247
1166
1461
1275
455
2454
1961
444
1250
648
2116
1998
2813
2331
1171
1133
2155
2094
2219
1585
468
1046
31
1980
1190
1591
1678
394
2278
104
2222
656
1233
2369
162
647
1808
98
282
1441
306
156
2454
1026
909
2140
2135
454
1641
1894
2651
944
276
626
262
234
705
1865
614
1018
2148
2272
2165
2130
886
2348
1752
1448
921
233
1136
352
1281
1465
2497
1098
685
318
369
154
606
1363
1105
2272
1530
1212
624
1705
882
202
1790
452
1770
2366
1088
2494
912
1436
382
2375
2253
2139
1506
1682
2212
554
682
1821
811
51
700
155
415
2482
2393
350
2016
1686
1353
109
2427
349
2059
2522
114
1857
931
1165
1498
906
855
222
1653
593
380
1093
1311
646
1369
123
2755
2432
611
601
2158
1990
501
588
2505
565
1792
1853
894
924
485
2440
2129
1227
356
1465
1050
1568
1999
2538
875
1639
2756
1098
1759
1399
999
2
295
617
715
2368
1861
2275
132
1748
2747
2086
2321
492
318
623
593
1648
1455
1498
578
678
2650
2146
976
780
211
1984
2589
1874
600
822
1443
695
293
1320
2365
890
1192
411
978
525
2076
852
329
2591
1326
444
570
2059
1257
1668
1416
259
1595
2284
1734
1311
2501
276
1003
991
537
2107
811
1370
794
2253
402
589
1355
2254
1406
1254
757
2157
1425
1986
1666
948
473
1412
254
1477
320
2012
1631
1679
1175
904
768
2079
1963
1230
1686
1655
